0
1
2
3
4
5
6
7
8
9
10
11
12
13
14
15
16
17
18
19
20
21
22
23
24
25
26
27
28
29
30
31
32
33
34
35
36
37
38
39
40
41
42
43
44
45
46
47
48
49
50
51
52
53
54
55
56
57
58
59
62
63
64
65
67
68
69
70
71
80
81
82
83
84
85
86
87
89
90
91
96
97
98
99
111
155
199
211
244
299
300
311
333
355
477
522
523
544
699
700
811
833
844
900
966
977
988
999
1000
1001
1002
1003
1004
1005
1006
2004
2006
2007
2013
2014
2015
2025
2031
2032
2033
2034
2035
2036
2041
2044
2045
2046
2051
2054
2055
2061
2062
2121
2122
2322
2366
2411
2415
2424
2461
2541
2621
2622
2623
3003
3004
3013
3017
3018
3019
3020
3021
3026
3030
3031
3032
3035
3036
3037
3046
3048
3050
3052
3057
3058
3060
3063
4004
4005
4006
4011
4041
4043
4044
4045
4046
4051
4055
4088
4221
6222
