33
13
3
3017
3018
1
111
31
44
34
355
12
2041
5
23
3019
3036
3032
2006
3063
3013
15
27
67
2
21
6
42
3035
3030
57
3026
3037
3031
311
3003
3020
11
32
51
7
62
3004
3060
45
2121
3021
69
999
90
977
19
91
4
58
37
24
38
10
30
16
17
988
50
80
18
966
71
833
333
89
8
49
35
4043
700
39
86
699
522
844
84
85
300
48
9
22
811
244
98
20
2015
1004
46
544
4046
4051
4005
2366
2045
2061
4004
4006
4088
155
4045
54
41
43
53
55
52
36
68
28
14
47
25
26
2461
2007
40
2004
2013
2054
2044
59
2014
2622
2031
2032
2035
2424
2322
2055
2036
2411
2051
2621
4221
63
2623
83
3050
64
0
1005
96
1002
1003
1006
199
523
211
299
97
99
56
900
87
81
29
70
82
